# Time (fs)   Electron energy
1000 6.33693647
1001 6.29014444
1002 6.24758005
1003 6.20778751
1004 6.16988611
1005 6.13341379
1006 6.09812069
1007 6.06379509
1008 6.03042936
1009 5.99780750
1010 5.96585035
1011 5.93462229
1012 5.90391970
1013 5.87379408
1014 5.84424114
1015 5.81514215
1016 5.78661156
1017 5.75837851
1018 5.73078299
1019 5.70328856
1020 5.67623758
1021 5.64949417
1022 5.62321806
1023 5.59707451
1024 5.57142973
1025 5.54585218
1026 5.52087164
1027 5.49590254
1028 5.47138119
1029 5.44709682
1030 5.42291880
1031 5.39909887
1032 5.37531281
1033 5.35180616
1034 5.32888460
1035 5.30590630
1036 5.28280497
1037 5.26010084
1038 5.23767614
1039 5.21564579
1040 5.19367266
1041 5.17168331
1042 5.14996099
1043 5.12876987
1044 5.10736370
1045 5.08594608
1046 5.06456947
1047 5.04342270
1048 5.02261829
1049 5.00208187
1050 4.98156166
1051 4.96107864
1052 4.94063473
1053 4.92018938
1054 4.89984894
1055 4.87980890
1056 4.85993052
1057 4.84027624
1058 4.82096291
1059 4.80134630
1060 4.78186178
1061 4.76254272
1062 4.74286366
1063 4.72335339
1064 4.70411301
1065 4.68492413
1066 4.66589069
1067 4.64699650
1068 4.62834740
1069 4.61007738
1070 4.59201622
1071 4.57423782
1072 4.55635929
1073 4.53808117
1074 4.51967096
1075 4.50131989
1076 4.48297787
1077 4.46473360
1078 4.44627810
1079 4.42787123
1080 4.40954781
1081 4.39106512
1082 4.37248945
1083 4.35424662
1084 4.33600187
1085 4.31769657
1086 4.29964161
1087 4.28147984
1088 4.26353979
1089 4.24554873
1090 4.22764349
1091 4.20983124
1092 4.19205761
1093 4.17431068
1094 4.15668058
1095 4.13923168
1096 4.12200069
1097 4.10491514
1098 4.08784199
1099 4.07080507
1100 4.05380774
1101 4.03703499
1102 4.02028656
1103 4.00363111
1104 3.98697686
1105 3.97032714
1106 3.95379949
1107 3.93721557
1108 3.92082834
1109 3.90454102
1110 3.88832903
1111 3.87205696
1112 3.85598922
1113 3.83984113
1114 3.82373810
1115 3.80790067
1116 3.79207754
1117 3.77635241
1118 3.76083708
1119 3.74525928
1120 3.72979736
1121 3.71438241
1122 3.69900680
1123 3.68376565
1124 3.66860390
1125 3.65347338
1126 3.63844395
1127 3.62347317
1128 3.60854244
1129 3.59357333
1130 3.57875156
1131 3.56386256
1132 3.54910541
1133 3.53440762
1134 3.51974487
1135 3.50515962
1136 3.49059606
1137 3.47605395
1138 3.46162868
1139 3.44723821
1140 3.43305898
1141 3.41890740
1142 3.40482783
1143 3.39074373
1144 3.37667060
1145 3.36266351
1146 3.34876204
1147 3.33493066
1148 3.32109284
1149 3.30729556
1150 3.29354715
1151 3.27998805
1152 3.26643562
1153 3.25291276
1154 3.23940539
1155 3.22595692
1156 3.21253991
1157 3.19926238
1158 3.18595648
1159 3.17270422
1160 3.15948248
1161 3.14639711
1162 3.13320899
1163 3.12024665
1164 3.10715699
1165 3.09421825
1166 3.08130622
1167 3.06854963
1168 3.05580282
1169 3.04312778
1170 3.03053093
1171 3.01791739
1172 3.00538731
1173 2.99288607
1174 2.98045421
1175 2.96814919
1176 2.95581269
1177 2.94357109
1178 2.93135333
1179 2.91910434
1180 2.90706444
1181 2.89504766
1182 2.88314557
1183 2.87123799
1184 2.85932851
1185 2.84746695
1186 2.83569026
1187 2.82397628
1188 2.81228638
1189 2.80067515
1190 2.78905511
1191 2.77747440
1192 2.76595330
1193 2.75440478
1194 2.74290419
1195 2.73140454
1196 2.71991396
1197 2.70843077
1198 2.69708538
1199 2.68577981
1200 2.67446613
1201 2.66322660
1202 2.65199494
1203 2.64083004
1204 2.62965608
1205 2.61845660
1206 2.60744786
1207 2.59633446
1208 2.58529282
1209 2.57420874
1210 2.56320238
1211 2.55223250
1212 2.54143429
1213 2.53072405
1214 2.51996779
1215 2.50928545
1216 2.49856520
1217 2.48794293
1218 2.47731996
1219 2.46671462
1220 2.45611477
1221 2.44561172
1222 2.43524623
1223 2.42488313
1224 2.41451454
1225 2.40423107
1226 2.39391303
1227 2.38368273
1228 2.37335944
1229 2.36320257
1230 2.35300636
1231 2.34287143
1232 2.33280277
1233 2.32269406
1234 2.31269550
1235 2.30276299
1236 2.29276872
1237 2.28272057
1238 2.27274656
1239 2.26287746
1240 2.25303435
1241 2.24313545
1242 2.23331213
1243 2.22349691
1244 2.21374536
1245 2.20394111
1246 2.19421387
1247 2.18449545
1248 2.17474031
1249 2.16515183
1250 2.15559721
1251 2.14603829
1252 2.13647056
1253 2.12689662
1254 2.11737347
1255 2.10787535
1256 2.09844422
1257 2.08908343
1258 2.07968712
1259 2.07032442
1260 2.06108189
1261 2.05186725
1262 2.04273129
1263 2.03362703
1264 2.02465439
1265 2.01556921
1266 2.00651383
1267 1.99740934
1268 1.98843050
1269 1.97941637
1270 1.97040081
1271 1.96149015
1272 1.95270777
1273 1.94404268
1274 1.93531895
1275 1.92661905
1276 1.91795397
1277 1.90932846
1278 1.90066671
1279 1.89202023
1280 1.88331938
1281 1.87467241
1282 1.86605453
1283 1.85751152
1284 1.84904337
1285 1.84058475
1286 1.83222389
1287 1.82384634
1288 1.81556702
1289 1.80735683
1290 1.79920483
1291 1.79096508
1292 1.78271723
1293 1.77447701
1294 1.76630068
1295 1.75809002
1296 1.74997663
1297 1.74188757
1298 1.73371029
1299 1.72558212
1300 1.71743774
1301 1.70935583
1302 1.70126963
1303 1.69325972
1304 1.68516064
1305 1.67726278
1306 1.66930294
1307 1.66145754
1308 1.65362740
1309 1.64587259
1310 1.63809490
1311 1.63032055
1312 1.62251472
1313 1.61469412
1314 1.60695171
1315 1.59921360
1316 1.59159470
1317 1.58397579
1318 1.57648897
1319 1.56889868
1320 1.56138325
1321 1.55391550
1322 1.54647732
1323 1.53911400
1324 1.53179169
1325 1.52438879
1326 1.51704121
1327 1.50966740
1328 1.50231886
1329 1.49498415
1330 1.48773098
1331 1.48034143
1332 1.47307730
1333 1.46579790
1334 1.45857334
1335 1.45127058
1336 1.44406509
1337 1.43691826
1338 1.42987490
1339 1.42268848
1340 1.41556406
1341 1.40854692
1342 1.40154791
1343 1.39447069
1344 1.38746357
1345 1.38061810
1346 1.37376213
1347 1.36676741
1348 1.35989761
1349 1.35297441
1350 1.34603310
1351 1.33913279
1352 1.33225346
1353 1.32534838
1354 1.31855774
1355 1.31185865
1356 1.30506325
1357 1.29821730
1358 1.29149818
1359 1.28473282
1360 1.27811766
1361 1.27146196
1362 1.26480055
1363 1.25818110
1364 1.25157213
1365 1.24490833
1366 1.23824024
1367 1.23161268
1368 1.22496557
1369 1.21831512
1370 1.21170378
1371 1.20519400
1372 1.19871521
1373 1.19217968
1374 1.18569517
1375 1.17917490
1376 1.17272091
1377 1.16624594
1378 1.15974188
1379 1.15326357
1380 1.14682388
1381 1.14041376
1382 1.13399172
1383 1.12757969
1384 1.12116194
1385 1.11478901
1386 1.10833693
1387 1.10190773
1388 1.09553623
1389 1.08924246
1390 1.08292580
1391 1.07663536
1392 1.07027864
1393 1.06393766
1394 1.05770969
1395 1.05150557
1396 1.04527998
1397 1.03914070
1398 1.03304291
1399 1.02700901
1400 1.02107286
1401 1.01510859
1402 1.00923777
1403 1.00328732
1404 0.997464180
1405 0.991668224
1406 0.985939503
1407 0.980167866
1408 0.974475861
1409 0.968730450
1410 0.963072777
1411 0.957493305
1412 0.951875687
1413 0.946195126
1414 0.940533161
1415 0.934885502
1416 0.929370403
1417 0.923779964
1418 0.918306828
1419 0.912768364
1420 0.907253742
1421 0.901714802
1422 0.896168709
1423 0.890683174
1424 0.885226727
1425 0.879832268
1426 0.874438286
1427 0.869050980
1428 0.863743305
1429 0.858476162
1430 0.853219986
1431 0.847858429
1432 0.842659950
1433 0.837442875
1434 0.832301140
1435 0.827224255
1436 0.822087288
1437 0.816953659
1438 0.811846256
1439 0.806821346
1440 0.801714897
1441 0.796700478
1442 0.791647434
1443 0.786588669
1444 0.781523705
1445 0.776566982
1446 0.771557331
1447 0.766571999
1448 0.761600494
1449 0.756567001
1450 0.751566410
1451 0.746587276
1452 0.741621017
1453 0.736704826
1454 0.731837273
1455 0.726927280
1456 0.722026825
1457 0.717143059
1458 0.712267876
1459 0.707431316
1460 0.702626228
1461 0.697809219
1462 0.693008900
1463 0.688198090
1464 0.683383465
1465 0.678567886
1466 0.673729897
1467 0.668940067
1468 0.664152622
1469 0.659337997
1470 0.654520035
1471 0.649713039
1472 0.644907475
1473 0.640079498
1474 0.635275364
1475 0.630612850
1476 0.625870228
1477 0.621097088
1478 0.616329670
1479 0.611682415
1480 0.607021809
1481 0.602393150
1482 0.597741127
1483 0.593088150
1484 0.588450909
1485 0.584002495
1486 0.579490185
1487 0.574974060
1488 0.570529461
1489 0.566085815
1490 0.561676502
1491 0.557240486
1492 0.552819252
1493 0.548425674
1494 0.544012070
1495 0.539620399
1496 0.535242081
1497 0.530854702
1498 0.526517868
1499 0.522271633
1500 0.517974377
1501 0.513766766
1502 0.509477139
1503 0.505221844
1504 0.501101017
1505 0.496953487
1506 0.492854595
1507 0.488749504
1508 0.484618664
1509 0.480550766
1510 0.476516247
1511 0.472479820
1512 0.468400478
1513 0.464353085
1514 0.460254192
1515 0.456263542
1516 0.452176094
1517 0.448124409
1518 0.444162846
1519 0.440310478
1520 0.436396122
1521 0.432428360
1522 0.428462982
1523 0.424602985
1524 0.420768738
1525 0.416893482
1526 0.413036346
1527 0.409193993
1528 0.405400276
1529 0.401566982
1530 0.397754669
1531 0.393988609
1532 0.390223026
1533 0.386480331
1534 0.382725716
1535 0.379014015
1536 0.375266552
1537 0.371538639
1538 0.367805958
1539 0.364048004
1540 0.360407829
1541 0.356778622
1542 0.353089809
1543 0.349479675
1544 0.345850468
1545 0.342061043
1546 0.338333130
1547 0.334675312
1548 0.330995560
1549 0.327386379
1550 0.323764324
1551 0.320165157
1552 0.316555977
1553 0.312926769
1554 0.309356689
1555 0.305766582
1556 0.302167892
1557 0.298615456
1558 0.295077801
1559 0.291594505
1560 0.288070202
1561 0.284587383
1562 0.281048775
1563 0.277497768
1564 0.273940563
1565 0.270437241
1566 0.266912460
1567 0.263383389
1568 0.259949207
1569 0.256514072
1570 0.253008842
1571 0.249484539
1572 0.245990753
1573 0.242525578
1574 0.239081860
1575 0.235644817
1576 0.232282639
1577 0.228882313
1578 0.225472450
1579 0.222057819
1580 0.218661308
1581 0.215320110
1582 0.211963654
1583 0.208568096
1584 0.205184460
1585 0.201789856
1586 0.198374271
1587 0.195025921
1588 0.191646099
1589 0.188256264
1590 0.184869289
1591 0.181507587
1592 0.178149700
1593 0.174762726
1594 0.171385765
1595 0.167991638
1596 0.164621353
1597 0.161242962
1598 0.157918930
1599 0.154553413
1600 0.151202202
1601 0.147812366
1602 0.144446373
1603 0.141166210
1604 0.137873650
1605 0.134648323
1606 0.131383419
1607 0.128101826
1608 0.124858856
1609 0.121574879
1610 0.118299484
1611 0.115020275
1612 0.111748695
1613 0.108484745
1614 0.105226994
1615 0.101997852
1616 9.87391472E-02
1617 9.54728127E-02
1618 9.22498703E-02
1619 8.90111923E-02
1620 8.57748985E-02
1621 8.25338364E-02
1622 7.93185234E-02
1623 7.61103630E-02
1624 7.28697777E-02
1625 6.96444511E-02
1626 6.64224625E-02
1627 6.32500648E-02
1628 6.00490570E-02
1629 5.68504333E-02
1630 5.36890030E-02
1631 5.04899025E-02
1632 4.73122597E-02
1633 4.41050529E-02
1634 4.09173965E-02
1635 3.77035141E-02
1636 3.45187187E-02
1637 3.13138962E-02
1638 2.81767845E-02
1639 2.50034332E-02
1640 2.18329430E-02
1641 1.86467171E-02
1642 1.54590607E-02
1643 1.22656822E-02
1644 9.07850266E-03
1645 5.92088699E-03
1646 2.82335281E-03
1647 -3.39031219E-04
1648 -3.51190567E-03
1649 -6.68430328E-03
1650 -9.84954834E-03
1651 -1.29699707E-02
1652 -1.61256790E-02
1653 -1.92847252E-02
1654 -2.24070549E-02
1655 -2.55918503E-02
1656 -2.87556648E-02
1657 -3.19104195E-02
1658 -3.50561142E-02
1659 -3.81960869E-02
1660 -4.13112640E-02
1661 -4.44493294E-02
1662 -4.74638939E-02
1663 -5.05075455E-02
1664 -5.34634590E-02
1665 -5.65114021E-02
1666 -5.94787598E-02
1667 -6.23812675E-02
1668 -6.53252602E-02
1669 -6.82420731E-02
1670 -7.11507797E-02
1671 -7.39879608E-02
1672 -7.69071579E-02
1673 -7.97715187E-02
1674 -8.25777054E-02
1675 -8.53180885E-02
1676 -8.80374908E-02
1677 -9.08198357E-02
1678 -9.36613083E-02
1679 -9.62958336E-02
1680 -9.89217758E-02
1681 -0.101645947
1682 -0.104367256
1683 -0.107073784
1684 -0.109809399
1685 -0.112560272
1686 -0.115311623
1687 -0.117966652
1688 -0.120655060
1689 -0.123151302
1690 -0.125723839
1691 -0.128265858
1692 -0.130709171
1693 -0.133209229
1694 -0.135622501
1695 -0.138112068
1696 -0.140555859
1697 -0.142915249
1698 -0.145236015
1699 -0.147644043
1700 -0.150010586
1701 -0.152373791
1702 -0.154679298
1703 -0.156939983
1704 -0.159147739
1705 -0.161411762
1706 -0.163716793
1707 -0.166028023
1708 -0.168363094
1709 -0.170662403
1710 -0.172909260
1711 -0.175145626
1712 -0.177384853
1713 -0.179554939
1714 -0.181743145
1715 -0.183812618
1716 -0.185954571
1717 -0.188097477
1718 -0.190207481
1719 -0.192221165
1720 -0.194267273
1721 -0.196368217
1722 -0.198410511
1723 -0.200487137
1724 -0.202508450
1725 -0.204434395
1726 -0.206372738
1727 -0.208348751
1728 -0.210308552
1729 -0.212323666
1730 -0.214302063
1731 -0.216237545
1732 -0.218056202
1733 -0.219873428
1734 -0.221730232
1735 -0.223579884
1736 -0.225485325
1737 -0.227377892
1738 -0.229212761
1739 -0.231009483
1740 -0.232841969
1741 -0.234695911
1742 -0.236514091
1743 -0.238293648
1744 -0.240103722
1745 -0.241858482
1746 -0.243564129
1747 -0.245324612
1748 -0.247080326
1749 -0.248890877
1750 -0.250666142
1751 -0.252439976
1752 -0.254220009
1753 -0.255985737
1754 -0.257734776
1755 -0.259392738
1756 -0.261094093
1757 -0.262808323
1758 -0.264501572
1759 -0.266215324
1760 -0.267936230
1761 -0.269602776
1762 -0.271324158
1763 -0.273025990
1764 -0.274710178
1765 -0.276401997
1766 -0.278086662
1767 -0.279732704
1768 -0.281417370
1769 -0.283072472
1770 -0.284677029
1771 -0.286289692
1772 -0.287899971
1773 -0.289519787
1774 -0.291152477
1775 -0.292798519
1776 -0.294435978
1777 -0.296074867
1778 -0.297699928
1779 -0.299334049
1780 -0.300939560
1781 -0.302535057
1782 -0.304104328
1783 -0.305681229
1784 -0.307273388
1785 -0.308861732
1786 -0.310455799
1787 -0.312037945
1788 -0.313614845
1789 -0.315214157
1790 -0.316796303
1791 -0.318383217
1792 -0.319976330
1793 -0.321538925
1794 -0.323114395
1795 -0.324672222
1796 -0.326243401
1797 -0.327824116
1798 -0.329411507
1799 -0.330981255
1800 -0.332559586
1801 -0.334121704
1802 -0.335677624
1803 -0.337254047
1804 -0.338798523
1805 -0.340373516
1806 -0.341945648
1807 -0.343517780
1808 -0.345096111
1809 -0.346660614
1810 -0.348238945
1811 -0.349798203
1812 -0.351356506
1813 -0.352939129
1814 -0.354500294
1815 -0.356085777
1816 -0.357644081
1817 -0.359213829
1818 -0.360795498
1819 -0.362302780
1820 -0.363856316
1821 -0.365411282
1822 -0.366940975
1823 -0.368520737
1824 -0.370085716
1825 -0.371657848
1826 -0.373215199
1827 -0.374782562
1828 -0.376318455
1829 -0.377822876
1830 -0.379291058
1831 -0.380699635
1832 -0.382130623
1833 -0.383561134
1834 -0.384930134
1835 -0.386277199
1836 -0.387670040
1837 -0.389070988
1838 -0.390463352
1839 -0.391888142
1840 -0.393269062
1841 -0.394717693
1842 -0.396072865
1843 -0.397408009
1844 -0.398641586
1845 -0.399921417
1846 -0.401203632
1847 -0.402482510
1848 -0.403713703
1849 -0.404979706
1850 -0.406235218
1851 -0.407551765
1852 -0.408846855
1853 -0.410132885
1854 -0.411349297
1855 -0.412594795
1856 -0.413826942
1857 -0.415013313
1858 -0.416181087
1859 -0.417340279
1860 -0.418550491
1861 -0.419717789
1862 -0.420868397
1863 -0.422034740
1864 -0.423192024
1865 -0.424339294
1866 -0.425453186
1867 -0.426609039
1868 -0.427812576
1869 -0.428962231
1870 -0.430055141
1871 -0.431133270
1872 -0.432213306
1873 -0.433304310
1874 -0.434396267
1875 -0.435540199
1876 -0.436631203
1877 -0.437724590
1878 -0.438815594
1879 -0.439925671
1880 -0.441027164
1881 -0.442120075
1882 -0.443212986
1883 -0.444324017
1884 -0.445413113
1885 -0.446502686
1886 -0.447612762
1887 -0.448630810
1888 -0.449663639
1889 -0.450650215
1890 -0.451628208
1891 -0.452589989
1892 -0.453577518
1893 -0.454573631
1894 -0.455559731
1895 -0.456552029
1896 -0.457553864
1897 -0.458557606
1898 -0.459558487
1899 -0.460565090
1900 -0.461554527
1901 -0.462554455
1902 -0.463506699
1903 -0.464498520
1904 -0.465480804
1905 -0.466434002
1906 -0.467422009
1907 -0.468382359
1908 -0.469319820
1909 -0.470237732
1910 -0.471167564
1911 -0.472136021
1912 -0.473083019
1913 -0.474043846
1914 -0.474998951
1915 -0.475949287
1916 -0.476923466
1917 -0.477857113
1918 -0.478778362
1919 -0.479713440
1920 -0.480711460
1921 -0.481634140
1922 -0.482572556
1923 -0.483395100
1924 -0.484224796
1925 -0.485059738
1926 -0.485921860
1927 -0.486744404
1928 -0.487609863
1929 -0.488468170
1930 -0.489295006
1931 -0.490166664
1932 -0.491024494
1933 -0.491896152
1934 -0.492770195
1935 -0.493634701
1936 -0.494416714
1937 -0.495193481
1938 -0.495986938
1939 -0.496803761
1940 -0.497560501
1941 -0.498332024
1942 -0.499136448
1943 -0.499938011
1944 -0.500711441
1945 -0.501487255
1946 -0.502289295
1947 -0.503042698
1948 -0.503848076
1949 -0.504628181
1950 -0.505311966
1951 -0.505992889
1952 -0.506650448
1953 -0.507322311
1954 -0.507970810
1955 -0.508584023
1956 -0.509235859
1957 -0.509852886
1958 -0.510517597
1959 -0.511183739
1960 -0.511814594
1961 -0.512420177
1962 -0.513015747
1963 -0.513540745
1964 -0.514109135
1965 -0.514628887
1966 -0.515121460
1967 -0.515567780
1968 -0.515680313
1969 -0.515680313
1970 -0.515680313
1971 -0.515680313
1972 -0.515680313
1973 -0.515680313
1974 -0.515680313
1975 -0.515680313
1976 -0.515680790
1977 -0.515680790
1978 -0.515680790
1979 -0.515680790
1980 -0.515680790
1981 -0.515680790
1982 -0.515680790
1983 -0.515680790
1984 -0.515680790
1985 -0.515680790
1986 -0.515680790
1987 -0.515680790
1988 -0.515680790
1989 -0.515680790
1990 -0.515680790
1991 -0.515680790
1992 -0.515680790
1993 -0.515680790
1994 -0.515680790
1995 -0.515680790
1996 -0.515680790
1997 -0.515680790
1998 -0.515680790
1999 -0.515680790
2000 -0.515680790
2001 -0.515680790
2002 -0.515680790
2003 -0.515680790
2004 -0.515680790
2005 -0.515680790
2006 -0.515680790
2007 -0.515680790
2008 -0.515680790
2009 -0.515680790
2010 -0.515680790
2011 -0.515680790
2012 -0.515680790
2013 -0.515680790
2014 -0.515680790
2015 -0.515680790
2016 -0.515680790
2017 -0.515680790
2018 -0.515680790
2019 -0.515680790
2020 -0.515680790
2021 -0.515680790
2022 -0.515680790
2023 -0.515680790
2024 -0.515680790
2025 -0.515680790
2026 -0.515680790
2027 -0.515680790
2028 -0.515680790
2029 -0.515680790
2030 -0.515680790
2031 -0.515680790
2032 -0.515680790
2033 -0.515680790
2034 -0.515680790
2035 -0.515680790
2036 -0.515680790
2037 -0.515680790
2038 -0.515680790
2039 -0.515680790
2040 -0.515680790
2041 -0.515680790
2042 -0.515680790
2043 -0.515680790
2044 -0.515680790
2045 -0.515680790
2046 -0.515680790
2047 -0.515680790
2048 -0.515680790
2049 -0.515680790
2050 -0.515680790
2051 -0.515680790
2052 -0.515680790
2053 -0.515680790
2054 -0.515680790
2055 -0.515680790
2056 -0.515680790
2057 -0.515680790
2058 -0.515680790
2059 -0.515680790
2060 -0.515680790
2061 -0.515680790
2062 -0.515680790
2063 -0.515680790
2064 -0.515680790
2065 -0.515680790
2066 -0.515680790
2067 -0.515680790
2068 -0.515680790
2069 -0.515680790
2070 -0.515680790
2071 -0.515680790
2072 -0.515680790
2073 -0.515680790
2074 -0.515680790
2075 -0.515680790
2076 -0.515680790
2077 -0.515680790
2078 -0.515680790
2079 -0.515680790
2080 -0.515680790
2081 -0.515680790
2082 -0.515680790
2083 -0.515680790
2084 -0.515680790
2085 -0.515680790
2086 -0.515680790
2087 -0.515680790
2088 -0.515680790
2089 -0.515680790
2090 -0.515680790
2091 -0.515680790
2092 -0.515680790
2093 -0.515680790
2094 -0.515680790
2095 -0.515680790
2096 -0.515680790
2097 -0.515680790
2098 -0.515680790
2099 -0.515680790
2100 -0.515680790
2101 -0.515680790
2102 -0.515680790
2103 -0.515680790
2104 -0.515680790
2105 -0.515680790
2106 -0.515680790
2107 -0.515680790
2108 -0.515680790
2109 -0.515680790
2110 -0.515680790
2111 -0.515680790
2112 -0.515680790
2113 -0.515680790
2114 -0.515680790
2115 -0.515680790
2116 -0.515680790
2117 -0.515680790
2118 -0.515680790
2119 -0.515680790
2120 -0.515680790
2121 -0.515680790
2122 -0.515680790
2123 -0.515680790
2124 -0.515680790
2125 -0.515680790
2126 -0.515680790
2127 -0.515680790
2128 -0.515680790
2129 -0.515680790
2130 -0.515680790
2131 -0.515680790
2132 -0.515680790
2133 -0.515680790
2134 -0.515680790
2135 -0.515680790
2136 -0.515680790
2137 -0.515680790
2138 -0.515680790
2139 -0.515680790
2140 -0.515680790
2141 -0.515680790
2142 -0.515680790
2143 -0.515680790
2144 -0.515680790
2145 -0.515680790
2146 -0.515680790
2147 -0.515680790
2148 -0.515680790
2149 -0.515680790
2150 -0.515680790
2151 -0.515680790
2152 -0.515680790
2153 -0.515680790
2154 -0.515680790
2155 -0.515680790
2156 -0.515680790
2157 -0.515680790
2158 -0.515680790
2159 -0.515680790
2160 -0.515680790
2161 -0.515680790
2162 -0.515680790
2163 -0.515680790
2164 -0.515680790
2165 -0.515680790
2166 -0.515680790
2167 -0.515680790
2168 -0.515680790
2169 -0.515680790
2170 -0.515680790
2171 -0.515680790
2172 -0.515680790
2173 -0.515680790
2174 -0.515680790
2175 -0.515680790
2176 -0.515680790
2177 -0.515680790
2178 -0.515680790
2179 -0.515680790
2180 -0.515680790
2181 -0.515680790
2182 -0.515680790
2183 -0.515680790
2184 -0.515680790
2185 -0.515680790
2186 -0.515680790
2187 -0.515680790
2188 -0.515680790
2189 -0.515680790
2190 -0.515680790
2191 -0.515680790
2192 -0.515680790
2193 -0.515680790
2194 -0.515680790
2195 -0.515680790
2196 -0.515680790
2197 -0.515680790
2198 -0.515680790
2199 -0.515680790
2200 -0.515680790
2201 -0.515680790
2202 -0.515680790
2203 -0.515680790
2204 -0.515680790
2205 -0.515680790
2206 -0.515680790
2207 -0.515680790
2208 -0.515680790
2209 -0.515680790
2210 -0.515680790
2211 -0.515680790
2212 -0.515680790
2213 -0.515680790
2214 -0.515680790
2215 -0.515680790
2216 -0.515680790
2217 -0.515680790
2218 -0.515680790
2219 -0.515680790
2220 -0.515680790
2221 -0.515680790
2222 -0.515680790
2223 -0.515680790
2224 -0.515680790
2225 -0.515680790
2226 -0.515680790
2227 -0.515680790
2228 -0.515680790
2229 -0.515680790
2230 -0.515680790
2231 -0.515680790
2232 -0.515680790
2233 -0.515680790
2234 -0.515680790
2235 -0.515680790
2236 -0.515680790
2237 -0.515680790
2238 -0.515680790
2239 -0.515680790
2240 -0.515680790
2241 -0.515680790
2242 -0.515680790
2243 -0.515680790
2244 -0.515680790
2245 -0.515680790
2246 -0.515680790
2247 -0.515680790
2248 -0.515680790
2249 -0.515680790
2250 -0.515680790
2251 -0.515680790
2252 -0.515680790
2253 -0.515680790
2254 -0.515680790
2255 -0.515680790
2256 -0.515680790
2257 -0.515680790
2258 -0.515680790
2259 -0.515680790
2260 -0.515680790
2261 -0.515680790
2262 -0.515680790
2263 -0.515680790
2264 -0.515680790
2265 -0.515680790
2266 -0.515680790
2267 -0.515680790
2268 -0.515680790
2269 -0.515680790
2270 -0.515680790
2271 -0.515680790
2272 -0.515680790
2273 -0.515680790
2274 -0.515680790
2275 -0.515680790
2276 -0.515680790
2277 -0.515680790
2278 -0.515680790
2279 -0.515680790
2280 -0.515680790
2281 -0.515680790
2282 -0.515680790
2283 -0.515680790
2284 -0.515680790
2285 -0.515680790
2286 -0.515680790
2287 -0.515680790
2288 -0.515680790
2289 -0.515680790
2290 -0.515680790
2291 -0.515680790
2292 -0.515680790
2293 -0.515680790
2294 -0.515680790
2295 -0.515680790
2296 -0.515680790
2297 -0.515680790
2298 -0.515680790
2299 -0.515680790
2300 -0.515680790
2301 -0.515680790
2302 -0.515680790
2303 -0.515680790
2304 -0.515680790
2305 -0.515680790
2306 -0.515680790
2307 -0.515680790
2308 -0.515680790
2309 -0.515680790
2310 -0.515680790
2311 -0.515680790
2312 -0.515680790
2313 -0.515680790
2314 -0.515680790
2315 -0.515680790
2316 -0.515680790
2317 -0.515680790
2318 -0.515680790
2319 -0.515680790
2320 -0.515680790
2321 -0.515680790
2322 -0.515680790
2323 -0.515680790
2324 -0.515680790
2325 -0.515680790
2326 -0.515680790
2327 -0.515680790
2328 -0.515680790
2329 -0.515680790
2330 -0.515680790
2331 -0.515680790
2332 -0.515680790
2333 -0.515680790
2334 -0.515680790
2335 -0.515680790
2336 -0.515680790
2337 -0.515680790
2338 -0.515680790
2339 -0.515680790
2340 -0.515680790
2341 -0.515680790
2342 -0.515680790
2343 -0.515680790
2344 -0.515680790
2345 -0.515680790
2346 -0.515680790
2347 -0.515680790
2348 -0.515680790
2349 -0.515680790
2350 -0.515680790
2351 -0.515680790
2352 -0.515680790
2353 -0.515680790
2354 -0.515680790
2355 -0.515680790
2356 -0.515680790
2357 -0.515680790
2358 -0.515680790
2359 -0.515680790
2360 -0.515680790
2361 -0.515680790
2362 -0.515680790
2363 -0.515680790
2364 -0.515680790
2365 -0.515680790
2366 -0.515680790
2367 -0.515680790
2368 -0.515680790
2369 -0.515680790
2370 -0.515680790
2371 -0.515680790
2372 -0.515680790
2373 -0.515680790
2374 -0.515680790
2375 -0.515680790
2376 -0.515680790
2377 -0.515680790
2378 -0.515680790
2379 -0.515680790
2380 -0.515680790
2381 -0.515680790
2382 -0.515680790
2383 -0.515680790
2384 -0.515680790
2385 -0.515680790
2386 -0.515680790
2387 -0.515680790
2388 -0.515680790
2389 -0.515680790
2390 -0.515680790
2391 -0.515680790
2392 -0.515680790
2393 -0.515680790
2394 -0.515680790
2395 -0.515680790
2396 -0.515680790
2397 -0.515680790
2398 -0.515680790
2399 -0.515680790
2400 -0.515680790
2401 -0.515680790
2402 -0.515680790
2403 -0.515680790
2404 -0.515680790
2405 -0.515680790
2406 -0.515680790
2407 -0.515680790
2408 -0.515680790
2409 -0.515680790
2410 -0.515680790
2411 -0.515680790
2412 -0.515680790
2413 -0.515680790
2414 -0.515680790
2415 -0.515680790
2416 -0.515680790
2417 -0.515680790
2418 -0.515680790
2419 -0.515680790
2420 -0.515680790
2421 -0.515680790
2422 -0.515680790
2423 -0.515680790
2424 -0.515680790
2425 -0.515680790
2426 -0.515680790
2427 -0.515680790
2428 -0.515680790
2429 -0.515680790
2430 -0.515680790
2431 -0.515680790
2432 -0.515680790
2433 -0.515680790
2434 -0.515680790
2435 -0.515680790
2436 -0.515680790
2437 -0.515680790
2438 -0.515680790
2439 -0.515680790
2440 -0.515680790
2441 -0.515680790
2442 -0.515680790
2443 -0.515680790
2444 -0.515680790
2445 -0.515680790
2446 -0.515680790
2447 -0.515680790
2448 -0.515680790
2449 -0.515680790
2450 -0.515680790
2451 -0.515680790
2452 -0.515680790
2453 -0.515680790
2454 -0.515680790
2455 -0.515680790
2456 -0.515680790
2457 -0.515680790
2458 -0.515680790
2459 -0.515680790
2460 -0.515680790
2461 -0.515680790
2462 -0.515680790
2463 -0.515680790
2464 -0.515680790
2465 -0.515680790
2466 -0.515680790
2467 -0.515680790
2468 -0.515680790
2469 -0.515680790
2470 -0.515680790
2471 -0.515680790
2472 -0.515680790
2473 -0.515680790
2474 -0.515680790
2475 -0.515680790
2476 -0.515680790
2477 -0.515680790
2478 -0.515680790
2479 -0.515680790
2480 -0.515680790
2481 -0.515680790
2482 -0.515680790
2483 -0.515680790
2484 -0.515680790
2485 -0.515680790
2486 -0.515680790
2487 -0.515680790
2488 -0.515680790
2489 -0.515680790
2490 -0.515680790
2491 -0.515680790
2492 -0.515680790
2493 -0.515680790
2494 -0.515680790
2495 -0.515680790
2496 -0.515680790
2497 -0.515680790
2498 -0.515680790
2499 -0.515680790
2500 -0.515680790
2501 -0.515680790
2502 -0.515680790
2503 -0.515680790
2504 -0.515680790
2505 -0.515680790
2506 -0.515680790
2507 -0.515680790
2508 -0.515680790
2509 -0.515680790
2510 -0.515680790
2511 -0.515680790
2512 -0.515680790
2513 -0.515680790
2514 -0.515680790
2515 -0.515680790
2516 -0.515680790
2517 -0.515680790
2518 -0.515680790
2519 -0.515680790
2520 -0.515680790
2521 -0.515680790
2522 -0.515680790
2523 -0.515680790
2524 -0.515680790
2525 -0.515680790
2526 -0.515680790
2527 -0.515680790
2528 -0.515680790
2529 -0.515680790
2530 -0.515680790
2531 -0.515680790
2532 -0.515680790
2533 -0.515680790
2534 -0.515680790
2535 -0.515680790
2536 -0.515680790
2537 -0.515680790
2538 -0.515680790
2539 -0.515680790
2540 -0.515680790
2541 -0.515680790
2542 -0.515680790
2543 -0.515680790
2544 -0.515680790
2545 -0.515680790
2546 -0.515680790
2547 -0.515680790
2548 -0.515680790
2549 -0.515680790
2550 -0.515680790
2551 -0.515680790
2552 -0.515680790
2553 -0.515680790
2554 -0.515680790
2555 -0.515680790
2556 -0.515680790
2557 -0.515680790
2558 -0.515680790
2559 -0.515680790
2560 -0.515680790
2561 -0.515680790
2562 -0.515680790
2563 -0.515680790
2564 -0.515680790
2565 -0.515680790
2566 -0.515680790
2567 -0.515680790
2568 -0.515680790
2569 -0.515680790
2570 -0.515680790
2571 -0.515680790
2572 -0.515680790
2573 -0.515680790
2574 -0.515680790
2575 -0.515680790
2576 -0.515680790
2577 -0.515680790
2578 -0.515680790
2579 -0.515680790
2580 -0.515680790
2581 -0.515680790
2582 -0.515680790
2583 -0.515680790
2584 -0.515680790
2585 -0.515680790
2586 -0.515680790
2587 -0.515680790
2588 -0.515680790
2589 -0.515680790
2590 -0.515680790
2591 -0.515680790
2592 -0.515680790
2593 -0.515680790
2594 -0.515680790
2595 -0.515680790
2596 -0.515680790
2597 -0.515680790
2598 -0.515680790
2599 -0.515680790
2600 -0.515680790
2601 -0.515680790
2602 -0.515680790
2603 -0.515680790
2604 -0.515680790
2605 -0.515680790
2606 -0.515680790
2607 -0.515680790
2608 -0.515680790
2609 -0.515680790
2610 -0.515680790
2611 -0.515680790
2612 -0.515680790
2613 -0.515680790
2614 -0.515680790
2615 -0.515680790
2616 -0.515680790
2617 -0.515680790
2618 -0.515680790
2619 -0.515680790
2620 -0.515680790
2621 -0.515680790
2622 -0.515680790
2623 -0.515680790
2624 -0.515680790
2625 -0.515680790
2626 -0.515680790
2627 -0.515680790
2628 -0.515680790
2629 -0.515680790
2630 -0.515680790
2631 -0.515680790
2632 -0.515680790
2633 -0.515680790
2634 -0.515680790
2635 -0.515680790
2636 -0.515680790
2637 -0.515680790
2638 -0.515680790
2639 -0.515680790
2640 -0.515680790
2641 -0.515680790
2642 -0.515680790
2643 -0.515680790
2644 -0.515680790
2645 -0.515680790
2646 -0.515680790
2647 -0.515680790
2648 -0.515680790
2649 -0.515680790
2650 -0.515680790
2651 -0.515680790
2652 -0.515680790
2653 -0.515680790
2654 -0.515680790
2655 -0.515680790
2656 -0.515680790
2657 -0.515680790
2658 -0.515680790
2659 -0.515680790
2660 -0.515680790
2661 -0.515680790
2662 -0.515680790
2663 -0.515680790
2664 -0.515680790
2665 -0.515680790
2666 -0.515680790
2667 -0.515680790
2668 -0.515680790
2669 -0.515680790
2670 -0.515680790
2671 -0.515680790
2672 -0.515680790
2673 -0.515680790
2674 -0.515680790
2675 -0.515680790
2676 -0.515680790
2677 -0.515680790
2678 -0.515680790
2679 -0.515680790
2680 -0.515680790
2681 -0.515680790
2682 -0.515680790
2683 -0.515680790
2684 -0.515680790
2685 -0.515680790
2686 -0.515680790
2687 -0.515680790
2688 -0.515680790
2689 -0.515680790
2690 -0.515680790
2691 -0.515680790
2692 -0.515680790
2693 -0.515680790
2694 -0.515680790
2695 -0.515680790
2696 -0.515680790
2697 -0.515680790
2698 -0.515680790
2699 -0.515680790
2700 -0.515680790
2701 -0.515680790
2702 -0.515680790
2703 -0.515680790
2704 -0.515680790
2705 -0.515680790
2706 -0.515680790
2707 -0.515680790
2708 -0.515680790
2709 -0.515680790
2710 -0.515680790
2711 -0.515680790
2712 -0.515680790
2713 -0.515680790
2714 -0.515680790
2715 -0.515680790
2716 -0.515680790
2717 -0.515680790
2718 -0.515680790
2719 -0.515680790
2720 -0.515680790
2721 -0.515680790
2722 -0.515680790
2723 -0.515680790
2724 -0.515680790
2725 -0.515680790
2726 -0.515680790
2727 -0.515680790
2728 -0.515680790
2729 -0.515680790
2730 -0.515680790
2731 -0.515680790
2732 -0.515680790
2733 -0.515680790
2734 -0.515680790
2735 -0.515680790
2736 -0.515680790
2737 -0.515680790
2738 -0.515680790
2739 -0.515680790
2740 -0.515680790
2741 -0.515680790
2742 -0.515680790
2743 -0.515680790
2744 -0.515680790
2745 -0.515680790
2746 -0.515680790
2747 -0.515680790
2748 -0.515680790
2749 -0.515680790
2750 -0.515680790
2751 -0.515680790
2752 -0.515680790
2753 -0.515680790
2754 -0.515680790
2755 -0.515680790
2756 -0.515680790
2757 -0.515680790
2758 -0.515680790
2759 -0.515680790
2760 -0.515680790
2761 -0.515680790
2762 -0.515680790
2763 -0.515680790
2764 -0.515680790
2765 -0.515680790
2766 -0.515680790
2767 -0.515680790
2768 -0.515680790
2769 -0.515680790
2770 -0.515680790
2771 -0.515680790
2772 -0.515680790
2773 -0.515680790
2774 -0.515680790
2775 -0.515680790
2776 -0.515680790
2777 -0.515680790
2778 -0.515680790
2779 -0.515680790
2780 -0.515680790
2781 -0.515680790
2782 -0.515680790
2783 -0.515680790
2784 -0.515680790
2785 -0.515680790
2786 -0.515680790
2787 -0.515680790
2788 -0.515680790
2789 -0.515680790
2790 -0.515680790
2791 -0.515680790
2792 -0.515680790
2793 -0.515680790
2794 -0.515680790
2795 -0.515680790
2796 -0.515680790
2797 -0.515680790
2798 -0.515680790
2799 -0.515680790
2800 -0.515680790
2801 -0.515680790
2802 -0.515680790
2803 -0.515680790
2804 -0.515680790
2805 -0.515680790
2806 -0.515680790
2807 -0.515680790
2808 -0.515680790
2809 -0.515680790
2810 -0.515680790
2811 -0.515680790
2812 -0.515680790
2813 -0.515680790
2814 -0.515680790
2815 -0.515680790
2816 -0.515680790
2817 -0.515680790
2818 -0.515680790
2819 -0.515680790
2820 -0.515680790
2821 -0.515680790
2822 -0.515680790
2823 -0.515680790
2824 -0.515680790
2825 -0.515680790
2826 -0.515680790
2827 -0.515680790
2828 -0.515680790
2829 -0.515680790
2830 -0.515680790
2831 -0.515680790
2832 -0.515680790
2833 -0.515680790
2834 -0.515680790
2835 -0.515680790
2836 -0.515680790
2837 -0.515680790
2838 -0.515680790
2839 -0.515680790
2840 -0.515680790
2841 -0.515680790
2842 -0.515680790
2843 -0.515680790
2844 -0.515680790
2845 -0.515680790
2846 -0.515680790
2847 -0.515680790
2848 -0.515680790
2849 -0.515680790
2850 -0.515680790
2851 -0.515680790
2852 -0.515680790
2853 -0.515680790
2854 -0.515680790
2855 -0.515680790
2856 -0.515680790
2857 -0.515680790
2858 -0.515680790
2859 -0.515680790
2860 -0.515680790
2861 -0.515680790
2862 -0.515680790
2863 -0.515680790
2864 -0.515680790
2865 -0.515680790
2866 -0.515680790
2867 -0.515680790
2868 -0.515680790
2869 -0.515680790
2870 -0.515680790
2871 -0.515680790
2872 -0.515680790
2873 -0.515680790
2874 -0.515680790
2875 -0.515680790
2876 -0.515680790
2877 -0.515680790
2878 -0.515680790
2879 -0.515680790
2880 -0.515680790
2881 -0.515680790
2882 -0.515680790
2883 -0.515680790
2884 -0.515680790
2885 -0.515680790
2886 -0.515680790
2887 -0.515680790
2888 -0.515680790
2889 -0.515680790
2890 -0.515680790
2891 -0.515680790
2892 -0.515680790
2893 -0.515680790
2894 -0.515680790
2895 -0.515680790
2896 -0.515680790
2897 -0.515680790
2898 -0.515680790
2899 -0.515680790
2900 -0.515680790
2901 -0.515680790
2902 -0.515680790
2903 -0.515680790
2904 -0.515680790
2905 -0.515680790
2906 -0.515680790
2907 -0.515680790
2908 -0.515680790
2909 -0.515680790
2910 -0.515680790
2911 -0.515680790
2912 -0.515680790
2913 -0.515680790
2914 -0.515680790
2915 -0.515680790
2916 -0.515680790
2917 -0.515680790
2918 -0.515680790
2919 -0.515680790
2920 -0.515680790
2921 -0.515680790
2922 -0.515680790
2923 -0.515680790
2924 -0.515680790
2925 -0.515680790
2926 -0.515680790
2927 -0.515680790
2928 -0.515680790
2929 -0.515680790
2930 -0.515680790
2931 -0.515680790
2932 -0.515680790
2933 -0.515680790
2934 -0.515680790
2935 -0.515680790
2936 -0.515680790
2937 -0.515680790
2938 -0.515680790
2939 -0.515680790
2940 -0.515680790
2941 -0.515680790
2942 -0.515680790
2943 -0.515680790
2944 -0.515680790
2945 -0.515680790
2946 -0.515680790
2947 -0.515680790
2948 -0.515680790
2949 -0.515680790
2950 -0.515680790
2951 -0.515680790
2952 -0.515680790
2953 -0.515680790
2954 -0.515680790
2955 -0.515680790
2956 -0.515680790
2957 -0.515680790
2958 -0.515680790
2959 -0.515680790
2960 -0.515680790
2961 -0.515680790
2962 -0.515680790
2963 -0.515680790
2964 -0.515680790
2965 -0.515680790
2966 -0.515680790
2967 -0.515680790
2968 -0.515680790
2969 -0.515680790
2970 -0.515680790
2971 -0.515680790
2972 -0.515680790
2973 -0.515680790
2974 -0.515680790
2975 -0.515680790
2976 -0.515680790
2977 -0.515680790
2978 -0.515680790
2979 -0.515680790
2980 -0.515680790
2981 -0.515680790
2982 -0.515680790
2983 -0.515680790
2984 -0.515680790
2985 -0.515680790
2986 -0.515680790
2987 -0.515680790
2988 -0.515680790
2989 -0.515680790
2990 -0.515680790
2991 -0.515680790
2992 -0.515680790
2993 -0.515680790
2994 -0.515680790
2995 -0.515680790
2996 -0.515680790
2997 -0.515680790
2998 -0.515680790
2999 -0.515680790
3000 -0.515680790
3001 -0.515680790
3002 -0.515680790
3003 -0.515680790
3004 -0.515680790
3005 -0.515680790
3006 -0.515680790
3007 -0.515680790
3008 -0.515680790
3009 -0.515680790
3010 -0.515680790
3011 -0.515680790
3012 -0.515680790
3013 -0.515680790
3014 -0.515680790
3015 -0.515680790
3016 -0.515680790
3017 -0.515680790
3018 -0.515680790
3019 -0.515680790
3020 -0.515680790
3021 -0.515680790
3022 -0.515680790
3023 -0.515680790
3024 -0.515680790
3025 -0.515680790
3026 -0.515680790
3027 -0.515680790
3028 -0.515680790
3029 -0.515680790
3030 -0.515680790
3031 -0.515680790
3032 -0.515680790
3033 -0.515680790
3034 -0.515680790
3035 -0.515680790
3036 -0.515680790
3037 -0.515680790
3038 -0.515680790
3039 -0.515680790
3040 -0.515680790
3041 -0.515680790
3042 -0.515680790
3043 -0.515680790
3044 -0.515680790
3045 -0.515680790
3046 -0.515680790
3047 -0.515680790
3048 -0.515680790
3049 -0.515680790
3050 -0.515680790
3051 -0.515680790
3052 -0.515680790
3053 -0.515680790
3054 -0.515680790
3055 -0.515680790
3056 -0.515680790
3057 -0.515680790
3058 -0.515680790
3059 -0.515680790
3060 -0.515680790
3061 -0.515680790
3062 -0.515680790
3063 -0.515680790
3064 -0.515680790
3065 -0.515680790
3066 -0.515680790
3067 -0.515680790
3068 -0.515680790
3069 -0.515680790
3070 -0.515680790
3071 -0.515680790
3072 -0.515680790
3073 -0.515680790
3074 -0.515680790
3075 -0.515680790
3076 -0.515680790
3077 -0.515680790
3078 -0.515680790
3079 -0.515680790
3080 -0.515680790
3081 -0.515680790
3082 -0.515680790
3083 -0.515680790
3084 -0.515680790
3085 -0.515680790
3086 -0.515680790
3087 -0.515680790
3088 -0.515680790
3089 -0.515680790
3090 -0.515680790
3091 -0.515680790
3092 -0.515680790
3093 -0.515680790
3094 -0.515680790
3095 -0.515680790
3096 -0.515680790
3097 -0.515680790
3098 -0.515680790
3099 -0.515680790
3100 -0.515680790
3101 -0.515680790
3102 -0.515680790
3103 -0.515680790
3104 -0.515680790
3105 -0.515680790
3106 -0.515680790
3107 -0.515680790
3108 -0.515680790
3109 -0.515680790
3110 -0.515680790
3111 -0.515680790
3112 -0.515680790
3113 -0.515680790
3114 -0.515680790
3115 -0.515680790
3116 -0.515680790
3117 -0.515680790
3118 -0.515680790
3119 -0.515680790
3120 -0.515680790
3121 -0.515680790
3122 -0.515680790
3123 -0.515680790
3124 -0.515680790
3125 -0.515680790
3126 -0.515680790
3127 -0.515680790
3128 -0.515680790
3129 -0.515680790
3130 -0.515680790
3131 -0.515680790
3132 -0.515680790
3133 -0.515680790
3134 -0.515680790
3135 -0.515680790
3136 -0.515680790
3137 -0.515680790
3138 -0.515680790
3139 -0.515680790
3140 -0.515680790
3141 -0.515680790
3142 -0.515680790
3143 -0.515680790
3144 -0.515680790
3145 -0.515680790
3146 -0.515680790
3147 -0.515680790
3148 -0.515680790
3149 -0.515680790
3150 -0.515680790
3151 -0.515680790
3152 -0.515680790
3153 -0.515680790
3154 -0.515680790
3155 -0.515680790
3156 -0.515680790
3157 -0.515680790
3158 -0.515680790
3159 -0.515680790
3160 -0.515680790
3161 -0.515680790
3162 -0.515680790
3163 -0.515680790
3164 -0.515680790
3165 -0.515680790
3166 -0.515680790
3167 -0.515680790
3168 -0.515680790
3169 -0.515680790
3170 -0.515680790
3171 -0.515680790
3172 -0.515680790
3173 -0.515680790
3174 -0.515680790
3175 -0.515680790
3176 -0.515680790
3177 -0.515680790
3178 -0.515680790
3179 -0.515680790
3180 -0.515680790
3181 -0.515680790
3182 -0.515680790
3183 -0.515680790
3184 -0.515680790
3185 -0.515680790
3186 -0.515680790
3187 -0.515680790
3188 -0.515680790
3189 -0.515680790
3190 -0.515680790
3191 -0.515680790
3192 -0.515680790
3193 -0.515680790
3194 -0.515680790
3195 -0.515680790
3196 -0.515680790
3197 -0.515680790
3198 -0.515680790
3199 -0.515680790
3200 -0.515680790
3201 -0.515680790
3202 -0.515680790
3203 -0.515680790
3204 -0.515680790
3205 -0.515680790
3206 -0.515680790
3207 -0.515680790
3208 -0.515680790
3209 -0.515680790
3210 -0.515680790
3211 -0.515680790
3212 -0.515680790
3213 -0.515680790
3214 -0.515680790
3215 -0.515680790
3216 -0.515680790
3217 -0.515680790
3218 -0.515680790
3219 -0.515680790
3220 -0.515680790
3221 -0.515680790
3222 -0.515680790
3223 -0.515680790
3224 -0.515680790
3225 -0.515680790
3226 -0.515680790
3227 -0.515680790
3228 -0.515680790
3229 -0.515680790
3230 -0.515680790
3231 -0.515680790
3232 -0.515680790
3233 -0.515680790
3234 -0.515680790
3235 -0.515680790
3236 -0.515680790
3237 -0.515680790
3238 -0.515680790
3239 -0.515680790
3240 -0.515680790
3241 -0.515680790
3242 -0.515680790
3243 -0.515680790
3244 -0.515680790
3245 -0.515680790
3246 -0.515680790
3247 -0.515680790
3248 -0.515680790
3249 -0.515680790
3250 -0.515680790
3251 -0.515680790
3252 -0.515680790
3253 -0.515680790
3254 -0.515680790
3255 -0.515680790
3256 -0.515680790
3257 -0.515680790
3258 -0.515680790
3259 -0.515680790
3260 -0.515680790
3261 -0.515680790
3262 -0.515680790
3263 -0.515680790
3264 -0.515680790
3265 -0.515680790
3266 -0.515680790
3267 -0.515680790
3268 -0.515680790
3269 -0.515680790
3270 -0.515680790
3271 -0.515680790
3272 -0.515680790
3273 -0.515680790
3274 -0.515680790
3275 -0.515680790
3276 -0.515680790
3277 -0.515680790
3278 -0.515680790
3279 -0.515680790
3280 -0.515680790
3281 -0.515680790
3282 -0.515680790
3283 -0.515680790
3284 -0.515680790
3285 -0.515680790
3286 -0.515680790
3287 -0.515680790
3288 -0.515680790
3289 -0.515680790
3290 -0.515680790
3291 -0.515680790
3292 -0.515680790
3293 -0.515680790
3294 -0.515680790
3295 -0.515680790
3296 -0.515680790
3297 -0.515680790
3298 -0.515680790
3299 -0.515680790
3300 -0.515680790
3301 -0.515680790
3302 -0.515680790
3303 -0.515680790
3304 -0.515680790
3305 -0.515680790
3306 -0.515680790
3307 -0.515680790
3308 -0.515680790
3309 -0.515680790
3310 -0.515680790
3311 -0.515680790
3312 -0.515680790
3313 -0.515680790
3314 -0.515680790
3315 -0.515680790
3316 -0.515680790
3317 -0.515680790
3318 -0.515680790
3319 -0.515680790
3320 -0.515680790
3321 -0.515680790
3322 -0.515680790
3323 -0.515680790
3324 -0.515680790
3325 -0.515680790
3326 -0.515680790
3327 -0.515680790
3328 -0.515680790
3329 -0.515680790
3330 -0.515680790
3331 -0.515680790
3332 -0.515680790
3333 -0.515680790
3334 -0.515680790
3335 -0.515680790
3336 -0.515680790
3337 -0.515680790
3338 -0.515680790
3339 -0.515680790
3340 -0.515680790
3341 -0.515680790
3342 -0.515680790
3343 -0.515680790
3344 -0.515680790
3345 -0.515680790
3346 -0.515680790
3347 -0.515680790
3348 -0.515680790
3349 -0.515680790
3350 -0.515680790
3351 -0.515680790
3352 -0.515680790
3353 -0.515680790
3354 -0.515680790
3355 -0.515680790
3356 -0.515680790
3357 -0.515680790
3358 -0.515680790
3359 -0.515680790
3360 -0.515680790
3361 -0.515680790
3362 -0.515680790
3363 -0.515680790
3364 -0.515680790
3365 -0.515680790
3366 -0.515680790
3367 -0.515680790
3368 -0.515680790
3369 -0.515680790
3370 -0.515680790
3371 -0.515680790
3372 -0.515680790
3373 -0.515680790
3374 -0.515680790
3375 -0.515680790
3376 -0.515680790
3377 -0.515680790
3378 -0.515680790
3379 -0.515680790
3380 -0.515680790
3381 -0.515680790
3382 -0.515680790
3383 -0.515680790
3384 -0.515680790
3385 -0.515680790
3386 -0.515680790
3387 -0.515680790
3388 -0.515680790
3389 -0.515680790
3390 -0.515680790
3391 -0.515680790
3392 -0.515680790
3393 -0.515680790
3394 -0.515680790
3395 -0.515680790
3396 -0.515680790
3397 -0.515680790
3398 -0.515680790
3399 -0.515680790
3400 -0.515680790
3401 -0.515680790
3402 -0.515680790
3403 -0.515680790
3404 -0.515680790
3405 -0.515680790
3406 -0.515680790
3407 -0.515680790
3408 -0.515680790
3409 -0.515680790
3410 -0.515680790
3411 -0.515680790
3412 -0.515680790
3413 -0.515680790
3414 -0.515680790
3415 -0.515680790
3416 -0.515680790
3417 -0.515680790
3418 -0.515680790
3419 -0.515680790
3420 -0.515680790
3421 -0.515680790
3422 -0.515680790
3423 -0.515680790
3424 -0.515680790
3425 -0.515680790
3426 -0.515680790
3427 -0.515680790
3428 -0.515680790
3429 -0.515680790
3430 -0.515680790
3431 -0.515680790
3432 -0.515680790
3433 -0.515680790
3434 -0.515680790
3435 -0.515680790
3436 -0.515680790
3437 -0.515680790
3438 -0.515680790
3439 -0.515680790
3440 -0.515680790
3441 -0.515680790
3442 -0.515680790
3443 -0.515680790
3444 -0.515680790
3445 -0.515680790
3446 -0.515680790
3447 -0.515680790
3448 -0.515680790
3449 -0.515680790
3450 -0.515680790
3451 -0.515680790
3452 -0.515680790
3453 -0.515680790
3454 -0.515680790
3455 -0.515680790
3456 -0.515680790
3457 -0.515680790
3458 -0.515680790
3459 -0.515680790
3460 -0.515680790
3461 -0.515680790
3462 -0.515680790
3463 -0.515680790
3464 -0.515680790
3465 -0.515680790
3466 -0.515680790
3467 -0.515680790
3468 -0.515680790
3469 -0.515680790
3470 -0.515680790
3471 -0.515680790
3472 -0.515680790
3473 -0.515680790
3474 -0.515680790
3475 -0.515680790
3476 -0.515680790
3477 -0.515680790
3478 -0.515680790
3479 -0.515680790
3480 -0.515680790
3481 -0.515680790
3482 -0.515680790
3483 -0.515680790
3484 -0.515680790
3485 -0.515680790
3486 -0.515680790
3487 -0.515680790
3488 -0.515680790
3489 -0.515680790
3490 -0.515680790
3491 -0.515680790
3492 -0.515680790
3493 -0.515680790
3494 -0.515680790
3495 -0.515680790
3496 -0.515680790
3497 -0.515680790
3498 -0.515680790
3499 -0.515680790
3500 -0.515680790
3501 -0.515680790
3502 -0.515680790
3503 -0.515680790
3504 -0.515680790
3505 -0.515680790
3506 -0.515680790
3507 -0.515680790
3508 -0.515680790
3509 -0.515680790
3510 -0.515680790
3511 -0.515680790
3512 -0.515680790
3513 -0.515680790
3514 -0.515680790
3515 -0.515680790
3516 -0.515680790
3517 -0.515680790
3518 -0.515680790
3519 -0.515680790
3520 -0.515680790
3521 -0.515680790
3522 -0.515680790
3523 -0.515680790
3524 -0.515680790
3525 -0.515680790
3526 -0.515680790
3527 -0.515680790
3528 -0.515680790
3529 -0.515680790
3530 -0.515680790
3531 -0.515680790
3532 -0.515680790
3533 -0.515680790
3534 -0.515680790
3535 -0.515680790
3536 -0.515680790
3537 -0.515680790
3538 -0.515680790
3539 -0.515680790
3540 -0.515680790
3541 -0.515680790
3542 -0.515680790
3543 -0.515680790
3544 -0.515680790
3545 -0.515680790
3546 -0.515680790
3547 -0.515680790
3548 -0.515680790
3549 -0.515680790
3550 -0.515680790
3551 -0.515680790
3552 -0.515680790
3553 -0.515680790
3554 -0.515680790
3555 -0.515680790
3556 -0.515680790
3557 -0.515680790
3558 -0.515680790
3559 -0.515680790
3560 -0.515680790
3561 -0.515680790
3562 -0.515680790
3563 -0.515680790
3564 -0.515680790
3565 -0.515680790
3566 -0.515680790
3567 -0.515680790
3568 -0.515680790
3569 -0.515680790
3570 -0.515680790
3571 -0.515680790
3572 -0.515680790
3573 -0.515680790
3574 -0.515680790
3575 -0.515680790
3576 -0.515680790
3577 -0.515680790
3578 -0.515680790
3579 -0.515680790
3580 -0.515680790
3581 -0.515680790
3582 -0.515680790
3583 -0.515680790
3584 -0.515680790
3585 -0.515680790
3586 -0.515680790
3587 -0.515680790
3588 -0.515680790
3589 -0.515680790
3590 -0.515680790
3591 -0.515680790
3592 -0.515680790
3593 -0.515680790
3594 -0.515680790
3595 -0.515680790
3596 -0.515680790
3597 -0.515680790
3598 -0.515680790
3599 -0.515680790
3600 -0.515680790
3601 -0.515680790
3602 -0.515680790
3603 -0.515680790
3604 -0.515680790
3605 -0.515680790
3606 -0.515680790
3607 -0.515680790
3608 -0.515680790
3609 -0.515680790
3610 -0.515680790
3611 -0.515680790
3612 -0.515680790
3613 -0.515680790
3614 -0.515680790
3615 -0.515680790
3616 -0.515680790
3617 -0.515680790
3618 -0.515680790
3619 -0.515680790
3620 -0.515680790
3621 -0.515680790
3622 -0.515680790
3623 -0.515680790
3624 -0.515680790
3625 -0.515680790
3626 -0.515680790
3627 -0.515680790
3628 -0.515680790
3629 -0.515680790
3630 -0.515680790
3631 -0.515680790
3632 -0.515680790
3633 -0.515680790
3634 -0.515680790
3635 -0.515680790
3636 -0.515680790
3637 -0.515680790
3638 -0.515680790
3639 -0.515680790
3640 -0.515680790
3641 -0.515680790
3642 -0.515680790
3643 -0.515680790
3644 -0.515680790
3645 -0.515680790
3646 -0.515680790
3647 -0.515680790
3648 -0.515680790
3649 -0.515680790
3650 -0.515680790
3651 -0.515680790
3652 -0.515680790
3653 -0.515680790
3654 -0.515680790
3655 -0.515680790
3656 -0.515680790
3657 -0.515680790
3658 -0.515680790
3659 -0.515680790
3660 -0.515680790
3661 -0.515680790
3662 -0.515680790
3663 -0.515680790
3664 -0.515680790
3665 -0.515680790
3666 -0.515680790
3667 -0.515680790
3668 -0.515680790
3669 -0.515680790
3670 -0.515680790
3671 -0.515680790
3672 -0.515680790
3673 -0.515680790
3674 -0.515680790
3675 -0.515680790
3676 -0.515680790
3677 -0.515680790
3678 -0.515680790
3679 -0.515680790
3680 -0.515680790
3681 -0.515680790
3682 -0.515680790
3683 -0.515680790
3684 -0.515680790
3685 -0.515680790
3686 -0.515680790
3687 -0.515680790
3688 -0.515680790
3689 -0.515680790
3690 -0.515680790
3691 -0.515680790
3692 -0.515680790
3693 -0.515680790
3694 -0.515680790
3695 -0.515680790
3696 -0.515680790
3697 -0.515680790
3698 -0.515680790
3699 -0.515680790
3700 -0.515680790
3701 -0.515680790
3702 -0.515680790
3703 -0.515680790
3704 -0.515680790
3705 -0.515680790
3706 -0.515680790
3707 -0.515680790
3708 -0.515680790
3709 -0.515680790
3710 -0.515680790
3711 -0.515680790
3712 -0.515680790
3713 -0.515680790
3714 -0.515680790
3715 -0.515680790
3716 -0.515680790
3717 -0.515680790
3718 -0.515680790
3719 -0.515680790
3720 -0.515680790
3721 -0.515680790
3722 -0.515680790
3723 -0.515680790
3724 -0.515680790
3725 -0.515680790
3726 -0.515680790
3727 -0.515680790
3728 -0.515680790
3729 -0.515680790
3730 -0.515680790
3731 -0.515680790
3732 -0.515680790
3733 -0.515680790
3734 -0.515680790
3735 -0.515680790
3736 -0.515680790
3737 -0.515680790
3738 -0.515680790
3739 -0.515680790
3740 -0.515680790
3741 -0.515680790
3742 -0.515680790
3743 -0.515680790
3744 -0.515680790
3745 -0.515680790
3746 -0.515680790
3747 -0.515680790
3748 -0.515680790
3749 -0.515680790
3750 -0.515680790
3751 -0.515680790
3752 -0.515680790
3753 -0.515680790
3754 -0.515680790
3755 -0.515680790
3756 -0.515680790
3757 -0.515680790
3758 -0.515680790
3759 -0.515680790
3760 -0.515680790
3761 -0.515680790
3762 -0.515680790
3763 -0.515680790
3764 -0.515680790
3765 -0.515680790
3766 -0.515680790
3767 -0.515680790
3768 -0.515680790
3769 -0.515680790
3770 -0.515680790
3771 -0.515680790
3772 -0.515680790
3773 -0.515680790
3774 -0.515680790
3775 -0.515680790
3776 -0.515680790
3777 -0.515680790
3778 -0.515680790
3779 -0.515680790
3780 -0.515680790
3781 -0.515680790
3782 -0.515680790
3783 -0.515680790
3784 -0.515680790
3785 -0.515680790
3786 -0.515680790
3787 -0.515680790
3788 -0.515680790
3789 -0.515680790
3790 -0.515680790
3791 -0.515680790
3792 -0.515680790
3793 -0.515680790
3794 -0.515680790
3795 -0.515680790
3796 -0.515680790
3797 -0.515680790
3798 -0.515680790
3799 -0.515680790
3800 -0.515680790
3801 -0.515680790
3802 -0.515680790
3803 -0.515680790
3804 -0.515680790
3805 -0.515680790
3806 -0.515680790
3807 -0.515680790
3808 -0.515680790
3809 -0.515680790
3810 -0.515680790
3811 -0.515680790
3812 -0.515680790
3813 -0.515680790
3814 -0.515680790
3815 -0.515680790
3816 -0.515680790
3817 -0.515680790
3818 -0.515680790
3819 -0.515680790
3820 -0.515680790
3821 -0.515680790
3822 -0.515680790
3823 -0.515680790
3824 -0.515680790
3825 -0.515680790
3826 -0.515680790
3827 -0.515680790
3828 -0.515680790
3829 -0.515680790
3830 -0.515680790
3831 -0.515680790
3832 -0.515680790
3833 -0.515680790
3834 -0.515680790
3835 -0.515680790
3836 -0.515680790
3837 -0.515680790
3838 -0.515680790
3839 -0.515680790
3840 -0.515680790
3841 -0.515680790
3842 -0.515680790
3843 -0.515680790
3844 -0.515680790
3845 -0.515680790
3846 -0.515680790
3847 -0.515680790
3848 -0.515680790
3849 -0.515680790
3850 -0.515680790
3851 -0.515680790
3852 -0.515680790
3853 -0.515680790
3854 -0.515680790
3855 -0.515680790
3856 -0.515680790
3857 -0.515680790
3858 -0.515680790
3859 -0.515680790
3860 -0.515680790
3861 -0.515680790
3862 -0.515680790
3863 -0.515680790
3864 -0.515680790
3865 -0.515680790
3866 -0.515680790
3867 -0.515680790
3868 -0.515680790
3869 -0.515680790
3870 -0.515680790
3871 -0.515680790
3872 -0.515680790
3873 -0.515680790
3874 -0.515680790
3875 -0.515680790
3876 -0.515680790
3877 -0.515680790
3878 -0.515680790
3879 -0.515680790
3880 -0.515680790
3881 -0.515680790
3882 -0.515680790
3883 -0.515680790
3884 -0.515680790
3885 -0.515680790
3886 -0.515680790
3887 -0.515680790
3888 -0.515680790
3889 -0.515680790
3890 -0.515680790
3891 -0.515680790
3892 -0.515680790
3893 -0.515680790
3894 -0.515680790
3895 -0.515680790
3896 -0.515680790
3897 -0.515680790
3898 -0.515680790
3899 -0.515680790
3900 -0.515680790
3901 -0.515680790
3902 -0.515680790
3903 -0.515680790
3904 -0.515680790
3905 -0.515680790
3906 -0.515680790
3907 -0.515680790
3908 -0.515680790
3909 -0.515680790
3910 -0.515680790
3911 -0.515680790
3912 -0.515680790
3913 -0.515680790
3914 -0.515680790
3915 -0.515680790
3916 -0.515680790
3917 -0.515680790
3918 -0.515680790
3919 -0.515680790
3920 -0.515680790
3921 -0.515680790
3922 -0.515680790
3923 -0.515680790
3924 -0.515680790
3925 -0.515680790
3926 -0.515680790
3927 -0.515680790
3928 -0.515680790
3929 -0.515680790
3930 -0.515680790
3931 -0.515680790
3932 -0.515680790
3933 -0.515680790
3934 -0.515680790
3935 -0.515680790
3936 -0.515680790
3937 -0.515680790
3938 -0.515680790
3939 -0.515680790
3940 -0.515680790
3941 -0.515680790
3942 -0.515680790
3943 -0.515680790
3944 -0.515680790
3945 -0.515680790
3946 -0.515680790
3947 -0.515680790
3948 -0.515680790
3949 -0.515680790
3950 -0.515680790
3951 -0.515680790
3952 -0.515680790
3953 -0.515680790
3954 -0.515680790
3955 -0.515680790
3956 -0.515680790
3957 -0.515680790
3958 -0.515680790
3959 -0.515680790
3960 -0.515680790
3961 -0.515680790
3962 -0.515680790
3963 -0.515680790
3964 -0.515680790
3965 -0.515680790
3966 -0.515680790
3967 -0.515680790
3968 -0.515680790
3969 -0.515680790
3970 -0.515680790
3971 -0.515680790
3972 -0.515680790
3973 -0.515680790
3974 -0.515680790
3975 -0.515680790
3976 -0.515680790
3977 -0.515680790
3978 -0.515680790
3979 -0.515680790
3980 -0.515680790
3981 -0.515680790
3982 -0.515680790
3983 -0.515680790
3984 -0.515680790
3985 -0.515680790
3986 -0.515680790
3987 -0.515680790
3988 -0.515680790
3989 -0.515680790
3990 -0.515680790
3991 -0.515680790
3992 -0.515680790
3993 -0.515680790
3994 -0.515680790
3995 -0.515680790
3996 -0.515680790
3997 -0.515680790
3998 -0.515680790
